DOR_S3_81.JPG:[977, 607, 1682, 4001, 1]
0e47126559819116.jpg:[662, 224, 124, 290, 1]
DOR_S3_70.JPG:[953, 328, 1510, 3252, 1]
f291d677045b5a38.jpg:[113, 86, 408, 206, 1]
DOR_S1_102.jpg:[464, 438, 1441, 2738, 1]
42c35b8fdfdd2d12.jpg:[17, 12, 600, 754, 1], [628, 43, 396, 725, 1]
25c2f9a7fad20c4b.jpg:[18, 16, 326, 752, 1], [399, 25, 625, 743, 1]
798e136c7712ae9c.jpg:[896, 34, 82, 706, 1]
26d06e8c8e325e33.jpg:[582, 9, 442, 1015, 1]
a8042cce7f1cb422.jpg:[792, 80, 81, 621, 1]
0be849b02c044301.jpg:[841, 23, 80, 465, 1], [928, 46, 61, 396, 1]
DOR_S1_117.jpg:[315, 388, 1201, 2547, 1]
00c4503acd511444.jpg:[400, 475, 166, 513, 1], [221, 480, 171, 509, 1]
0c4ba131f41e2176.jpg:[24, 73, 80, 686, 1]
DOR_S3_66.JPG:[478, 259, 1125, 3197, 1]
0118064eedc2b2c1.jpg:[519, 302, 36, 357, 1], [874, 200, 88, 638, 1], [837, 307, 43, 409, 1], [769, 410, 20, 203, 1]
0c697169b1207217.jpg:[112, 337, 443, 686, 1]
DOR_S3_73.JPG:[815, 563, 1799, 4019, 1]
0e527e05c80b2555.jpg:[29, 119, 307, 811, 1], [338, 119, 299, 818, 1]
DOR_S1_108.jpg:[521, 969, 1373, 2808, 1]
0dd1c9c6a34eba7c.jpg:[438, 505, 97, 263, 1], [539, 506, 132, 262, 1]
DOR_S1_106.jpg:[533, 649, 1229, 2863, 1]
0071e79693904a8f.jpg:[315, 533, 144, 405, 1], [150, 527, 145, 413, 1]
088f1b6d8222a73b.jpg:[925, 5, 99, 396, 1]
0d48650c19108b75.jpg:[264, 19, 512, 574, 1]
7771c64fca6089d2.jpg:[386, 187, 93, 331, 1]
ecf61587947c4eb0.jpg:[284, 193, 54, 98, 1]
0bb4903984e44915.jpg:[167, 90, 108, 325, 1], [87, 108, 86, 279, 1]
0ce502937920c74a.jpg:[495, 4, 147, 160, 1], [0, 9, 233, 237, 1]
0e9cc189512f1913.jpg:[541, 708, 39, 304, 1], [581, 732, 29, 273, 1], [274, 674, 16, 270, 1]
0bdde2f91df4c85a.jpg:[264, 11, 105, 748, 1]
51e33ffbe112a894.jpg:[0, 25, 1024, 488, 1]
DOR_S3_78.JPG:[341, 335, 1280, 2854, 1]
DOR_S1_116.jpg:[397, 354, 1415, 3173, 1]
0bc37b99b3e65f06.jpg:[75, 24, 109, 646, 1], [185, 24, 95, 560, 1]
853fe459e120ecbb.jpg:[0, 437, 59, 135, 1]
39e7a25a724c9e8d.jpg:[101, 64, 667, 960, 1]
DOR_S1_119.jpg:[346, 428, 1539, 2163, 1]
0e65809d7dfb4af4.jpg:[219, 204, 83, 391, 1], [452, 270, 45, 112, 1], [603, 297, 44, 83, 1], [701, 340, 30, 48, 1]
0ea7c53ce3250e8b.jpg:[312, 319, 114, 427, 1], [185, 320, 122, 405, 1]
1c2868141487ec3c.jpg:[829, 66, 195, 595, 1]
0eb1595ccaca0013.jpg:[164, 179, 195, 464, 1]
02719a20199eaf3f.jpg:[922, 116, 102, 334, 1]
0ca09360855f2b45.jpg:[469, 514, 62, 335, 1]
00bfcd25320fd354.jpg:[684, 32, 220, 514, 1]
029123ba6d20f9b1.jpg:[16, 9, 164, 759, 1]
DOR_S3_84.JPG:[577, 646, 2071, 3962, 1]
5e3b17a53c5bc62f.jpg:[310, 136, 161, 439, 1]
000c66e044e850f7.jpg:[816, 458, 20, 99, 1]
994a97bc1ec49cf2.jpg:[899, 131, 48, 499, 1]
06553dad53cd2445.jpg:[88, 130, 83, 310, 1]
DOR_S1_103.jpg:[503, 605, 1837, 3358, 1]
62f2c77938c834d4.jpg:[69, 23, 954, 656, 1]
00da8827b3288d89.jpg:[528, 218, 188, 482, 1]
3d37bb6b541a1479.jpg:[710, 19, 194, 749, 1]
DOR_S1_113.jpg:[273, 457, 1283, 2589, 1]
DOR_S3_75.JPG:[358, 268, 1730, 4096, 1]
e461e568de435325.jpg:[872, 84, 152, 597, 1]
60b0562e30e0c69a.jpg:[19, 10, 585, 718, 1]
00d8dd6d2ce6fc70.jpg:[428, 284, 142, 383, 1], [582, 294, 136, 379, 1]
11739cf765a3f3d5.jpg:[240, 127, 123, 254, 1]
0b60b0c918ad6879.jpg:[6, 49, 115, 871, 1]
51ecff8aaf1259ee.jpg:[0, 7, 341, 1005, 1]
DOR_S1_122.jpg:[856, 733, 1345, 3126, 1]
2334af101eb10dce.jpg:[931, 46, 93, 723, 1]
3d94428eaf8808c2.jpg:[582, 126, 208, 272, 1]
DOR_S3_19.JPG:[1447, 561, 1040, 2895, 1]
66fa65d19adaa351.jpg:[7, 9, 617, 657, 1]
0c2273e5f9ab0e67.jpg:[192, 32, 228, 566, 1]
00d3fcbc86861f4a.jpg:[166, 75, 414, 885, 1], [1, 92, 90, 859, 1]
0e4d682bd3970dc1.jpg:[310, 87, 69, 255, 1], [379, 87, 81, 281, 1]
DOR_S3_26.JPG:[867, 398, 821, 2985, 1]
00ce3c2f4657457f.jpg:[282, 195, 422, 482, 1]
000bf0ddff4c7310.jpg:[923, 169, 101, 576, 1]
DOR_S1_118.jpg:[365, 254, 1059, 2623, 1]
0a4c6b68ca539d0e.jpg:[332, 27, 198, 654, 1]
70b557082dfe6b98.jpg:[0, 9, 155, 895, 1], [165, 7, 454, 873, 1]
51fc0cf2342e5d27.jpg:[391, 34, 313, 924, 1]
83a84d6f5d196951.jpg:[435, 8, 495, 740, 1]
0cbe9775007a3f53.jpg:[481, 309, 65, 278, 1]
0d238ce3cf35573d.jpg:[435, 394, 127, 230, 1]
0dbe084a8367a1a2.jpg:[97, 178, 171, 400, 1]
619a66a0a8e51846.jpg:[753, 642, 16, 354, 1], [4, 649, 54, 367, 1]
0ddf7e608a00bab6.jpg:[739, 361, 136, 407, 1]
ba33845dd206c054.jpg:[319, 237, 109, 376, 1], [573, 194, 98, 486, 1]
629678c55bd096a9.jpg:[0, 60, 115, 690, 1]
0cc0d4d0bf52e7fc.jpg:[953, 60, 71, 620, 1]
975da8e742d8250d.jpg:[37, 121, 163, 402, 1]
0c6d76c010c29ef5.jpg:[472, 214, 156, 807, 1]
DOR_S1_126.jpg:[468, 662, 1335, 2893, 1]
DOR_S1_112.jpg:[291, 429, 1387, 2617, 1]
e1e6f9a8212ccb8e.jpg:[437, 68, 246, 940, 1], [171, 162, 57, 418, 1]
0bf01ee25888cb45.jpg:[177, 70, 171, 557, 1]
0e2208875afa89ca.jpg:[447, 911, 139, 113, 1]
DOR_S3_85.JPG:[1020, 351, 1145, 3821, 1]
0e271dcff55afea7.jpg:[301, 164, 192, 582, 1], [498, 164, 252, 590, 1]
54f549c1ef45078c.jpg:[7, 9, 497, 749, 1], [545, 8, 471, 753, 1]
0d57d247bfb1be21.jpg:[657, 104, 62, 489, 1]
0d3dfbc4ebcd01be.jpg:[452, 163, 29, 683, 1]
f6ab97836c153c54.jpg:[389, 122, 35, 156, 1]
000d9c77f5749561.jpg:[433, 416, 46, 109, 1]
0d35451340e0ca84.jpg:[268, 45, 168, 758, 1]
0be48767aff43b0b.jpg:[887, 208, 46, 469, 1], [510, 238, 63, 268, 1]
0e82514df72dd3aa.jpg:[384, 276, 223, 397, 1], [872, 281, 76, 405, 1]
0c10599382349e7e.jpg:[700, 112, 68, 912, 1], [9, 298, 56, 401, 1]
0d1b8d2541c99a0a.jpg:[312, 459, 200, 224, 1], [533, 471, 235, 212, 1]
000c9e454bbf6d0d.jpg:[161, 223, 325, 678, 1]
8079dbbcb7d981dc.jpg:[216, 664, 28, 318, 1], [626, 395, 151, 613, 1]
00db839f935b5829.jpg:[306, 319, 47, 340, 1]
DOR_S3_21.JPG:[292, 326, 1692, 3853, 1]
71b2d221719fbef9.jpg:[7, 158, 294, 350, 1]
0db9d88d9eb1992a.jpg:[757, 151, 153, 501, 1]
0c1783b09ee05447.jpg:[504, 472, 91, 296, 1], [414, 481, 78, 273, 1]
76a2724a2725d4e7.jpg:[223, 55, 460, 966, 1]
0c7af5598adff074.jpg:[297, 4, 206, 207, 1], [510, 9, 222, 217, 1]
0c40051d1c73fa59.jpg:[556, 209, 44, 410, 1], [153, 207, 206, 363, 1], [649, 216, 270, 447, 1], [451, 294, 37, 156, 1]
007427672a3d5264.jpg:[737, 234, 90, 266, 1]
2924756d0c31e5b1.jpg:[602, 201, 81, 592, 1]
00e844f581963e31.jpg:[513, 180, 120, 432, 1], [394, 176, 110, 439, 1]
000c052bb4b882c4.jpg:[28, 130, 69, 546, 1]
44f8a4a4849b3248.jpg:[149, 238, 203, 645, 1], [371, 250, 183, 626, 1]
0cf216bef1ec8e21.jpg:[335, 217, 230, 328, 1]
91abd3f94ecdf3bb.jpg:[353, 26, 307, 735, 1]
00de93955694a159.jpg:[316, 405, 409, 619, 1]
0d9ded3ee3f70959.jpg:[68, 83, 41, 580, 1]
DOR_S1_121.jpg:[651, 465, 1380, 3056, 1]
d611a05b7a107509.jpg:[808, 7, 115, 174, 1], [935, 10, 89, 178, 1], [17, 33, 87, 139, 1]
0dbbd004c90cddf6.jpg:[455, 372, 49, 211, 1], [0, 382, 62, 277, 1], [950, 341, 37, 181, 1]
a4de19b855aea878.jpg:[601, 92, 158, 479, 1], [775, 93, 146, 437, 1], [268, 109, 242, 511, 1], [13, 117, 250, 552, 1]
264de7f0e59e9728.jpg:[204, 253, 39, 432, 1]
0bed30d0d60d70e5.jpg:[952, 122, 29, 398, 1]
2100e86484efda14.jpg:[719, 372, 47, 152, 1]
0ccca12b5aaa0ebc.jpg:[407, 119, 82, 559, 1]
00dbfb71d81618ea.jpg:[95, 98, 308, 561, 1]
0bafa9469a8047f7.jpg:[0, 68, 65, 592, 1]
0e04873f64e61c1d.jpg:[508, 487, 39, 135, 1], [553, 479, 52, 152, 1], [94, 488, 26, 105, 1]
0d02acee5a7d169c.jpg:[436, 272, 72, 235, 1], [508, 278, 65, 249, 1]
00e5c93e53ada7cd.jpg:[378, 312, 143, 413, 1], [267, 301, 98, 417, 1]
0c9c9892fcebeea9.jpg:[88, 125, 272, 859, 1], [384, 95, 297, 901, 1]
0df12f74a8fcc05e.jpg:[384, 140, 152, 842, 1], [198, 119, 155, 846, 1]
00f6a80e7f1a229a.jpg:[26, 304, 125, 180, 1]
06bbc09333b6a542.jpg:[59, 167, 64, 148, 1]
8f43dccd3e36f410.jpg:[225, 143, 74, 791, 1], [84, 281, 59, 357, 1]
0bf98072f26753f8.jpg:[614, 153, 64, 338, 1], [115, 168, 111, 236, 1]
0c2d5a23371dd746.jpg:[769, 211, 130, 281, 1], [327, 196, 160, 339, 1]
56a4134de515693b.jpg:[60, 22, 658, 642, 1]
000d61ba9ffa87db.jpg:[683, 215, 118, 460, 1]
0c0edea113b641c3.jpg:[181, 289, 76, 187, 1], [246, 298, 70, 179, 1]
0ce830f1e03e9ec3.jpg:[535, 366, 116, 235, 1], [387, 449, 21, 300, 1]
0c41800d0c91812f.jpg:[208, 475, 63, 382, 1]
DOR_S3_69.JPG:[585, 415, 1789, 4109, 1]
DOR_S3_22.JPG:[418, 1017, 1820, 3469, 1]
443866e9d68f90f3.jpg:[185, 240, 100, 335, 1]
d4e1dc2f2326a8b0.jpg:[744, 244, 45, 226, 1]
0c62ce6c7096f295.jpg:[315, 509, 67, 185, 1], [955, 502, 69, 179, 1]
0e9191e310909562.jpg:[528, 334, 19, 232, 1]
00d343d4a829121c.jpg:[1, 83, 124, 400, 1]
DOR_S1_125.jpg:[401, 559, 1284, 2718, 1]
DOR_S1_111.jpg:[361, 429, 1314, 3184, 1]
1a0b468e0a8e9526.jpg:[508, 86, 104, 862, 1]
0e1c63e30964dc3b.jpg:[270, 41, 127, 596, 1]
28e00ee6e869b29a.jpg:[107, 48, 732, 720, 1]
DOR_S1_109.jpg:[430, 676, 1426, 2687, 1]
DOR_S1_123.jpg:[488, 543, 1471, 3565, 1]
0bc9d9520fed2dee.jpg:[605, 354, 30, 162, 1]
850977bc144ea11e.jpg:[24, 15, 256, 740, 1], [584, 18, 283, 750, 1]
0ecffef63f024f60.jpg:[233, 251, 276, 760, 1]
00bfeaa4a297dd65.jpg:[370, 102, 177, 562, 1]
57da1fb96266fe9d.jpg:[7, 19, 439, 724, 1], [471, 38, 294, 730, 1]
0c8ebd9431edd552.jpg:[277, 859, 101, 164, 1], [382, 860, 112, 164, 1]
b2514d4b49358070.jpg:[279, 81, 198, 569, 1]
0cf65d247223acb4.jpg:[607, 121, 76, 323, 1]
41160be1337c198b.jpg:[876, 38, 148, 695, 1]
0da7328a8d12180f.jpg:[386, 272, 106, 409, 1]
0c4eb8de33034f6c.jpg:[687, 27, 228, 589, 1], [312, 92, 127, 415, 1], [14, 28, 127, 587, 1], [173, 28, 124, 525, 1], [643, 135, 34, 356, 1], [594, 199, 46, 241, 1], [451, 210, 44, 214, 1], [497, 257, 26, 135, 1]
0ec4f09ebbb22648.jpg:[87, 133, 263, 570, 1]
815fd80ed7a29f21.jpg:[812, 23, 212, 599, 1], [0, 19, 291, 625, 1]
0eb96447e34f087d.jpg:[399, 300, 172, 617, 1], [200, 285, 171, 626, 1]
0e723b03f0e74675.jpg:[256, 509, 105, 340, 1], [378, 514, 111, 337, 1]
0d5fc81161830bb0.jpg:[205, 32, 180, 595, 1], [720, 41, 137, 501, 1]
01b8f3f2d2cf7613.jpg:[895, 244, 128, 387, 1]
8981d04925449de2.jpg:[652, 401, 115, 622, 1]
0dbae2ad6cb64fbe.jpg:[359, 534, 22, 443, 1]
0cec029cb5070405.jpg:[404, 295, 160, 420, 1]
00d0ed2f962c1a74.jpg:[0, 3, 124, 762, 1]
0c30772b7ea51745.jpg:[665, 15, 122, 577, 1], [264, 9, 73, 595, 1], [337, 601, 2, 1, 1]
2b301b7bbec2ac71.jpg:[967, 27, 57, 643, 1]
a6e252b43b8c71c8.jpg:[268, 1, 162, 528, 1]
97b611449d459dbd.jpg:[1, 19, 732, 665, 1]
0c2594d3710ac469.jpg:[136, 294, 226, 629, 1]
04d2b124f5bff6ce.jpg:[795, 108, 229, 609, 1]
92a2fd9a41e602a5.jpg:[680, 55, 172, 642, 1], [412, 30, 268, 719, 1], [870, 22, 97, 637, 1]
0c6ebfa015012398.jpg:[323, 335, 68, 230, 1], [406, 343, 73, 207, 1], [860, 359, 52, 147, 1]
75e4e8ab47a77499.jpg:[12, 28, 375, 697, 1], [481, 45, 543, 710, 1]
0dc660f9d10b8e64.jpg:[614, 205, 41, 209, 1], [571, 215, 43, 199, 1]
66ab92a9c50cd36e.jpg:[67, 3, 612, 672, 1]
0d221032a69a8d24.jpg:[646, 167, 24, 326, 1]
0ce5be35e1140b92.jpg:[305, 391, 96, 372, 1], [409, 396, 95, 356, 1], [220, 408, 82, 362, 1], [114, 402, 80, 360, 1]
0d34c6ef6030ef6c.jpg:[277, 281, 172, 479, 1]
55e95a2fb13f7017.jpg:[1, 3, 463, 667, 1], [494, 15, 529, 665, 1]
0c29cab1caddfc83.jpg:[280, 350, 118, 259, 1], [407, 349, 86, 281, 1]
DOR_S3_80.JPG:[1212, 198, 1452, 3635, 1]
0c6ca56a6104ee69.jpg:[52, 244, 346, 724, 1]
0dba02432495d47a.jpg:[646, 224, 178, 485, 1]
0e759e74589524b3.jpg:[472, 302, 67, 170, 1], [939, 279, 38, 272, 1]
0c3673f52f7fbe00.jpg:[13, 212, 212, 447, 1]
0c74e6f9fdd25d03.jpg:[168, 337, 299, 577, 1]
76daa79117fc7d19.jpg:[0, 24, 481, 958, 1]
0934a6117d4ff7b3.jpg:[42, 66, 62, 667, 1]
9e88730f29b1944b.jpg:[651, 165, 65, 270, 1]
0ea71c0967f66a86.jpg:[349, 252, 68, 161, 1], [279, 253, 64, 159, 1]
90e23144d905d72a.jpg:[820, 90, 204, 678, 1], [382, 36, 298, 732, 1], [278, 38, 90, 657, 1]
0e04b7fb9fa3c60c.jpg:[276, 775, 17, 119, 1], [329, 779, 47, 117, 1]
0d6d7ccce3428409.jpg:[178, 664, 44, 175, 1], [224, 652, 49, 185, 1], [420, 668, 52, 145, 1], [469, 668, 52, 155, 1]
142745fd0af3aae6.jpg:[347, 122, 136, 391, 1]
861d0eaaf5535b53.jpg:[411, 233, 170, 291, 1]
8c403c2bca23f224.jpg:[831, 103, 122, 544, 1]
DOR_S3_77.JPG:[242, 527, 1478, 3373, 1]
61f154d20d8b9bf5.jpg:[583, 3, 441, 677, 1], [6, 4, 543, 668, 1]
87be6fbef8644926.jpg:[396, 327, 269, 618, 1], [128, 322, 266, 623, 1]
0d0179a3ee895b81.jpg:[428, 186, 119, 294, 1], [522, 688, 147, 318, 1], [10, 566, 57, 458, 1], [90, 54, 33, 477, 1]
06844a396f74ecab.jpg:[434, 57, 167, 404, 1]
93b5e3ab86711a0b.jpg:[30, 39, 947, 632, 1]
0ecd790e25be8411.jpg:[629, 314, 89, 230, 1], [720, 327, 92, 221, 1], [309, 315, 89, 220, 1], [216, 317, 90, 213, 1]
DOR_S3_79.JPG:[1298, 518, 1266, 3770, 1]
0e872e10f2531364.jpg:[308, 611, 96, 201, 1]
33af4d41ba6bf2d0.jpg:[409, 44, 272, 967, 1]
0c49829dd1e2d32f.jpg:[532, 386, 81, 401, 1], [195, 376, 174, 411, 1]
0d5fe284d37c8c1c.jpg:[458, 49, 40, 391, 1]
57e67f96c54757d6.jpg:[6, 9, 349, 842, 1]
71c9176bb69d5202.jpg:[957, 30, 67, 650, 1]
65fd844bc8bc5666.jpg:[9, 118, 261, 649, 1], [333, 154, 389, 584, 1]
0c5f526599f52a41.jpg:[73, 109, 208, 814, 1], [382, 72, 220, 882, 1]
DOR_S1_100.jpg:[276, 1097, 1522, 3062, 1]
DOR_S3_71.JPG:[664, 436, 1414, 2904, 1]
0c1ede902091b79f.jpg:[279, 197, 149, 476, 1], [435, 645, 4, 10, 1]
DOR_S3_25.JPG:[904, 563, 1801, 3993, 1]
DOR_S1_104.jpg:[575, 342, 1619, 2687, 1]
0c07aa933834dbc1.jpg:[396, 185, 112, 328, 1], [509, 189, 116, 322, 1]
7749d3d4904ce2c7.jpg:[811, 236, 45, 108, 1]
DOR_S1_107.jpg:[607, 1097, 1372, 3062, 1]
000cf08de329f81b.jpg:[499, 466, 144, 302, 1]
ba951e65a53acadf.jpg:[754, 164, 22, 181, 1]
0eae0b36fa39d844.jpg:[878, 82, 83, 325, 1]
44d007381712ad26.jpg:[34, 38, 570, 986, 1]
83d7b3506a2708ad.jpg:[322, 16, 361, 740, 1]
0e59af35fd02431a.jpg:[387, 386, 61, 172, 1], [878, 344, 53, 221, 1], [927, 350, 57, 203, 1]
0ec87d84a014e1e7.jpg:[796, 6, 228, 520, 1], [23, 32, 197, 494, 1]
DOR_S3_20.JPG:[237, 412, 1783, 3894, 1]
DOR_S1_124.jpg:[461, 501, 1104, 2626, 1]
DOR_S3_67.JPG:[258, 619, 1687, 2836, 1]
0e5a7c9a1bba1740.jpg:[395, 278, 143, 672, 1]
0eb80289f63b0ea0.jpg:[311, 316, 36, 87, 1]
ad71c03f761e1072.jpg:[472, 116, 79, 458, 1], [710, 118, 86, 491, 1]
0b84642b319af1f3.jpg:[187, 330, 61, 140, 1]
262dd05d50281235.jpg:[648, 120, 44, 320, 1], [552, 87, 53, 403, 1], [848, 91, 140, 405, 1]
0f3e5d607d82e4e9.jpg:[518, 244, 44, 188, 1], [558, 246, 31, 186, 1], [431, 199, 22, 325, 1], [494, 231, 16, 222, 1]
96b0ea1e6c7a666f.jpg:[223, 43, 752, 656, 1]
53fe1fd9e2520c59.jpg:[38, 42, 556, 981, 1], [620, 98, 402, 926, 1]
0ec5e8e7e7d80960.jpg:[588, 614, 116, 300, 1]
0df8cb86b756c8b6.jpg:[329, 249, 150, 473, 1], [167, 260, 151, 484, 1]
33afe4d6bf179557.jpg:[16, 34, 434, 931, 1]
0e87814cbe9dd3c6.jpg:[202, 574, 84, 245, 1]
0c4acd50c4430066.jpg:[422, 669, 51, 148, 1], [477, 669, 58, 148, 1], [348, 669, 48, 147, 1], [290, 669, 51, 151, 1]
0caf1d7eb9af4449.jpg:[253, 240, 120, 539, 1], [394, 267, 121, 506, 1]
60fcfa435c20a830.jpg:[6, 32, 999, 974, 1]
0cc3d0c94666272e.jpg:[30, 275, 92, 447, 1]
0ca97b08bb473346.jpg:[355, 364, 69, 151, 1]
0ceb42b98417b88c.jpg:[669, 236, 202, 508, 1], [167, 29, 165, 648, 1]
DOR_S3_74.JPG:[586, 545, 1231, 2654, 1]
0dc08fe92b930864.jpg:[381, 182, 60, 206, 1], [320, 186, 54, 196, 1]
0d2dfc3c5325f672.jpg:[541, 258, 102, 283, 1]
060b6662cc9a1d5d.jpg:[24, 32, 803, 992, 1]
00bb967bc89e040f.jpg:[423, 524, 61, 339, 1]
DOR_S1_115.jpg:[306, 363, 1475, 2366, 1]
0bf4138d0f052cf6.jpg:[371, 777, 47, 225, 1], [424, 782, 51, 200, 1]
DOR_S3_24.JPG:[1212, 409, 1258, 3584, 1]
0be9159e4b4bc747.jpg:[350, 138, 235, 530, 1], [114, 135, 214, 529, 1]
0dba02f50f63b974.jpg:[269, 154, 69, 449, 1]
0e8139635a72ecb8.jpg:[488, 6, 175, 675, 1], [248, 21, 201, 662, 1]
0df58ceea75be1cd.jpg:[461, 432, 57, 135, 1]
0410943ef1919f80.jpg:[134, 231, 57, 364, 1], [3, 152, 35, 553, 1]
0cc1bbc28fe24df0.jpg:[246, 573, 87, 404, 1], [106, 564, 133, 425, 1]
29f810a3baa576e9.jpg:[7, 1, 794, 682, 1]
0eb8c615983f8fde.jpg:[286, 517, 127, 353, 1], [142, 523, 130, 350, 1]
0d120a5f5b1011d1.jpg:[318, 89, 75, 573, 1], [376, 73, 104, 557, 1]
023b447cac3b3557.jpg:[828, 14, 196, 754, 1]
57cea5606fb7fdc4.jpg:[391, 157, 315, 419, 1]
DOR_S1_105.jpg:[528, 724, 893, 2842, 1]
0eb31e09509587fc.jpg:[189, 294, 108, 316, 1]
0d61ee61e82202fe.jpg:[361, 600, 52, 254, 1], [418, 603, 58, 254, 1]
0c134d543aa58495.jpg:[303, 797, 55, 158, 1], [361, 806, 49, 152, 1]
0d5e7db77f1c27d8.jpg:[797, 178, 130, 466, 1], [541, 142, 177, 217, 1]
bf54629b50fa0623.jpg:[785, 30, 234, 711, 1]
0e363618cb0f9bf8.jpg:[236, 386, 246, 488, 1]
DOR_S3_72.JPG:[693, 335, 1379, 3121, 1]
7102abdbcecd48ee.jpg:[734, 29, 281, 738, 1], [120, 11, 583, 737, 1]
0ca1db52353feee8.jpg:[213, 139, 48, 502, 1], [907, 229, 26, 301, 1]
0bf588f9e87c71ff.jpg:[476, 395, 39, 141, 1], [515, 400, 41, 144, 1]
0e95ed44c4d9d9a6.jpg:[593, 406, 44, 224, 1]
0c190b039c66efee.jpg:[721, 50, 218, 636, 1]
0ca5149ec7da08e1.jpg:[318, 273, 103, 286, 1]
DOR_S3_68.JPG:[415, 311, 1347, 3344, 1]
0c60baa351dbaaf3.jpg:[316, 488, 59, 168, 1], [877, 496, 43, 142, 1]
0dee4c4650d50ef0.jpg:[731, 315, 140, 485, 1]
DOR_S1_110.jpg:[400, 103, 1570, 2778, 1]
0d289d83a71e8042.jpg:[403, 24, 256, 674, 1], [210, 41, 186, 639, 1]
0bda614ac5f8d5bb.jpg:[504, 317, 235, 661, 1], [285, 328, 194, 637, 1]
8c0ce81d2f584ae7.jpg:[247, 103, 130, 375, 1]
52f7e4f43ef61dd5.jpg:[5, 15, 455, 679, 1], [467, 20, 514, 673, 1]
00db6b59d3880145.jpg:[301, 247, 151, 288, 1], [973, 215, 51, 388, 1], [896, 243, 74, 311, 1]
DOR_S3_23.JPG:[1597, 479, 778, 2932, 1], [2375, 3380, 10, 31, 1]
DOR_S1_101.jpg:[261, 558, 1553, 2802, 1]
9a813326a1868a55.jpg:[839, 48, 185, 631, 1], [0, 58, 79, 609, 1]
74ba74d74949e187.jpg:[11, 41, 490, 917, 1], [591, 83, 92, 898, 1]
0d5c075e91b9309e.jpg:[328, 219, 88, 373, 1]
236a3e3f89a05843.jpg:[974, 153, 49, 292, 1]
0bf8a1dc0827950f.jpg:[271, 122, 227, 491, 1], [531, 148, 192, 457, 1]
0e251034924e90e6.jpg:[94, 392, 178, 481, 1], [6, 439, 82, 343, 1]
363ca9571e4863dc.jpg:[939, 270, 69, 160, 1]
0cc35169dd5ac02f.jpg:[828, 59, 177, 740, 1]
0ca1e90f230f7fee.jpg:[375, 395, 187, 373, 1]
00cbc7f343eb90ec.jpg:[534, 319, 66, 145, 1]
25d512338c0d8027.jpg:[525, 28, 492, 654, 1], [20, 36, 479, 647, 1]
0c00aa9759d5b636.jpg:[594, 258, 123, 247, 1], [731, 257, 128, 259, 1], [131, 264, 133, 260, 1], [258, 270, 135, 259, 1]
DOR_S1_114.jpg:[337, 537, 1315, 2577, 1]
images16.jpeg:[15, 9, 198, 216, 1]
0ed2e0651308a1e2.jpg:[217, 490, 63, 255, 1], [150, 486, 65, 269, 1]
17083d5cea0b2bde.jpg:[2, 64, 93, 606, 1]
0c04f73a2916eece.jpg:[262, 187, 183, 469, 1], [461, 188, 185, 471, 1]
0ca88a8d6927a8db.jpg:[718, 449, 152, 319, 1]
0c21d3029041dcca.jpg:[903, 622, 53, 146, 1]
a2eb27330f078f0b.jpg:[412, 76, 83, 487, 1]
7262c70b22d6c572.jpg:[429, 101, 73, 222, 1], [542, 139, 104, 190, 1]
DOR_S3_76.JPG:[420, 473, 1468, 3607, 1]
DOR_S1_120.jpg:[736, 402, 1031, 2620, 1]
0beb9cbe0c770abf.jpg:[525, 93, 110, 271, 1], [28, 69, 133, 365, 1], [155, 76, 117, 347, 1], [264, 77, 100, 314, 1]
0c40c79955aed671.jpg:[252, 378, 76, 235, 1], [855, 399, 169, 213, 1]
042534f23997f148.jpg:[570, 250, 72, 216, 1]
0e36f05b301e8b6d.jpg:[327, 395, 91, 183, 1], [418, 396, 91, 177, 1], [575, 390, 104, 168, 1], [675, 393, 78, 174, 1], [825, 387, 85, 170, 1], [900, 385, 107, 177, 1], [78, 404, 82, 167, 1], [166, 393, 86, 172, 1]
082d92e88891536a.jpg:[384, 11, 298, 1013, 1], [3, 9, 375, 1015, 1]
0c0a7b8b641aa601.jpg:[724, 294, 59, 730, 1], [589, 334, 80, 674, 1]
0d21891a9b98ee85.jpg:[219, 293, 24, 237, 1]
92d37f69abfba9de.jpg:[579, 118, 130, 553, 1]
0e25d39652fdda48.jpg:[274, 415, 238, 478, 1]
0de53728ccfe3ef6.jpg:[303, 517, 85, 118, 1], [395, 513, 72, 136, 1]
81af0e84d9623957.jpg:[3, 44, 73, 853, 1]
ce859e17702e6b6b.jpg:[1005, 197, 19, 335, 1]
0fb91bd32b39649d.jpg:[735, 121, 47, 349, 1], [793, 154, 140, 281, 1]
00bb60b91c5335b1.jpg:[531, 7, 382, 682, 1], [183, 0, 299, 689, 1]
0cda6729b57a32e6.jpg:[205, 510, 290, 175, 1], [523, 508, 264, 176, 1]
be2541573a312b94.jpg:[860, 34, 164, 731, 1]
00cb40d7ea24aa3b.jpg:[566, 704, 86, 217, 1], [2, 556, 101, 325, 1]
0d065e63cc8f31f6.jpg:[471, 281, 128, 357, 1]
fbeb16e8a12ae749.jpg:[286, 187, 188, 755, 1], [485, 209, 160, 721, 1], [698, 260, 69, 500, 1]
84cb35f6bd724733.jpg:[25, 37, 981, 708, 1]
1bb158ab4884139f.jpg:[792, 249, 97, 304, 1], [793, 251, 88, 308, 1]
5ccf71d7e2a93e7d.jpg:[611, 248, 80, 258, 1]
0d95e4d82e5ff70a.jpg:[113, 29, 373, 857, 1], [497, 66, 366, 835, 1]
0e8a4281ac3e1175.jpg:[418, 114, 125, 569, 1], [684, 51, 66, 622, 1], [246, 129, 112, 553, 1]
DOR_S3_18.JPG:[985, 742, 945, 3501, 1]
a33f34f341215025.jpg:[279, 143, 30, 440, 1]
0e5136e572fda862.jpg:[558, 410, 173, 358, 1]
0eb2c146387764c3.jpg:[549, 481, 45, 155, 1], [819, 570, 25, 96, 1], [166, 137, 23, 44, 1], [104, 141, 16, 64, 1], [875, 83, 76, 148, 1]
000ceb7c62a21547.jpg:[162, 470, 41, 114, 1]
0cbefb4eef9e1f02.jpg:[259, 268, 115, 495, 1], [376, 258, 114, 478, 1]
0bbea2cd35fe261d.jpg:[862, 381, 143, 387, 1], [640, 353, 169, 415, 1]
0cda59918e7dee1c.jpg:[648, 389, 116, 255, 1], [211, 323, 33, 278, 1], [921, 354, 95, 314, 1]
000e80d9cf37daf3.jpg:[577, 641, 170, 127, 1]
0bb80f98e936566d.jpg:[892, 22, 132, 563, 1]
4a4ed2e67f034405.jpg:[803, 23, 220, 656, 1]
0d9a27555510c6c2.jpg:[2, 203, 161, 322, 1], [971, 206, 52, 260, 1]
8b7cf7cfddc0071b.jpg:[383, 18, 169, 746, 1], [856, 9, 60, 757, 1]
f2b31981e52820b1.jpg:[913, 146, 111, 620, 1], [204, 204, 160, 376, 1], [481, 166, 65, 173, 1]
68ad1ac2ca33c9d6.jpg:[369, 99, 209, 647, 1]
c53fe42427abd793.jpg:[559, 106, 121, 917, 1]
83dc488a5b3dc577.jpg:[206, 126, 117, 204, 1]
97aaf76bd6fad8a9.jpg:[229, 118, 286, 657, 1]
99ad5ee7015e4fbd.jpg:[530, 16, 486, 752, 1], [13, 36, 485, 732, 1]
